75,111
72,157
71,329
71,328
71,327
71,326
71,325
71,324
71,323
72,156
71,322
71,321
72,155
72,154
71,319
72,153
71,318
71,317
72,152
75,110
71,316
71,315
72,151
71,314
71,313
71,312
71,311
71,310
72,150
71,309
72,149
71,308
72,148
72,147
72,146
71,307
72,145
72,144
71,306
71,305
72,143
72,142
72,141
71,304
72,140
72,139
72,138
72,137
71,303
72,136
72,135
72,134
72,133
72,132
72,131
72,130
72,129
72,127
72,126
72,125
72,124
71,302
71,301
72,123
72,122
72,121
72,120
72,119
72,118
72,117
71,300
71,299
71,298
71,297
72,128
71,296
71,295
71,294
75,109
75,108
71,293
71,292
71,291
71,320
71,290
71,289
71,288
71,287
71,286
71,285
72,116
71,284
71,283
71,282
71,281
71,280
75,107
71,279
72,115
71,278
72,114
71,277
71,276
71,275
75,106
75,105
72,113
71,274
72,112
75,104
71,273
71,272
72,111
72,110
71,271
71,270
71,269
72,109
71,268
71,267
72,108
72,107
71,266
71,265
71,264
71,263
71,262
71,261
71,260
71,259
72,106
71,258
71,257
72,105
75,103
75,102
72,104
81,7
75,101
80,17
75,100
72,103
75,99
72,102
71,125
71,124
71,122
72,101
72,100
72,99
75,98
75,97
75,96
75,95
71,256
71,121
72,98
72,97
71,120
75,94
75,93
71,119
71,118
75,92
71,117
71,116
71,115
75,91
71,114
71,113
71,112
71,111
75,90
75,89
72,96
72,95
72,94
72,93
75,88
75,87
75,86
75,85
72,92
72,91
72,90
75,84
71,94
80,16
75,83
75,82
71,93
72,89
71,92
72,88
72,87
72,86
72,85
72,84
72,83
71,91
71,90
71,89
71,88
71,87
71,86
71,85
72,82
71,84
71,83
71,82
71,81
72,81
71,80
71,79
75,81
75,80
75,79
75,78
72,80
75,77
75,76
72,79
72,78
75,75
71,78
71,77
71,76
71,255
71,254
71,253
71,252
72,77
75,74
75,73
75,72
71,251
71,250
75,71
71,249
71,248
71,247
71,246
72,76
71,245
80,15
71,244
72,75
71,243
71,242
71,241
72,74
71,240
4294967278,247
75,70
71,239
72,73
4294967278,223
71,238
72,72
4294967278,219
4294967278,215
4294967278,568
75,69
75,68
75,67
71,237
75,66
72,71
75,65
75,64
4294967278,564
72,70
75,36
72,69
4294967278,558
4294967279,138
4294967278,556
72,68
4294967279,443
71,236
72,67
75,35
4294967279,441
4294967279,439
71,235
4294967278,549
72,66
71,234
4294967278,546
71,233
71,232
71,231
71,230
71,229
71,228
71,227
72,65
81,6
81,5
80,14
80,13
75,34
4294967278,535
71,226
71,225
75,33
75,32
75,31
71,224
75,30
75,29
71,223
72,64
75,28
71,222
4294967279,421
75,27
4294967278,521
4294967278,520
72,42
4294967278,512
72,41
4294967279,414
4294967278,383
4294967278,381
71,221
4294967278,380
4294967279,412
4294967279,411
4294967278,377
4294967279,406
72,40
4294967278,375
4294967278,374
4294967279,402
4294967278,372
71,220
71,219
4294967278,370
4294967278,366
4294967279,395
4294967279,394
4294967279,390
4294967279,388
75,26
75,25
182,11
4294967278,235
4294967278,365
4294967279,363
4294967279,385
4294967278,364
4294967279,384
4294967278,360
4294967278,362
4294967278,356
72,39
71,218
4294967279,252
326,6
326,5
83,37
83,36
83,35
182,12
209,921
83,34
83,33
83,32
83,31
182,10
182,5
209,757
209,314
209,920
4294967278,352
4294967278,351
4294967279,247
72,38
4294967278,349
71,217
71,216
71,215
71,214
72,37
4294967279,241
4294967279,239
72,36
75,24
4294967278,345
75,23
71,213
4294967279,221
4294967279,217
4294967279,318
4294967278,344
71,212
4294967278,343
4294967279,316
75,22
4294967279,315
75,21
75,20
4294967278,342
75,19
75,18
71,211
4294967279,314
75,17
75,16
72,35
4294967278,341
4294967279,312
4294967279,311
4294967278,340
75,15
4294967278,339
75,14
71,210
71,209
71,208
4294967278,335
4294967278,334
4294967278,332
4294967278,331
4294967294,1571
4294967294,1493
4294967293,131
4294967293,130
4294967293,129
4294967293,128
4294967293,127
4294967293,126
4294967293,125
4294967293,124
4294967293,123
4294967293,122
4294967293,121
4294967293,120
4294967293,119
4294967293,118
4294967293,117
4294967293,116
4294967293,115
4294967293,114
4294967293,113
4294967293,112
4294967293,111
4294967293,110
4294967293,109
4294967293,108
4294967293,107
4294967293,106
4294967293,105
4294967293,104
4294967293,103
4294967293,102
4294967293,101
4294967293,100
4294967293,99
4294967293,98
4294967293,97
4294967293,96
4294967293,95
4294967293,94
4294967293,93
4294967293,92
4294967293,91
4294967293,90
4294967293,89
4294967293,88
4294967293,87
4294967293,86
4294967293,85
4294967293,84
4294967293,83
4294967293,82
4294967293,81
4294967293,80
4294967293,79
4294967293,78
4294967293,77
4294967293,76
4294967293,75
4294967293,74
4294967293,73
4294967293,72
4294967293,71
4294967293,70
4294967293,69
4294967293,68
4294967293,67
4294967293,66
4294967293,65
4294967293,64
4294967293,63
4294967293,62
4294967293,61
4294967293,60
4294967293,59
4294967293,58
4294967293,57
4294967293,56
4294967293,55
4294967293,54
4294967293,53
4294967293,52
4294967293,51
4294967293,50
4294967293,49
4294967293,48
4294967293,47
4294967293,46
4294967293,45
4294967293,44
4294967293,43
4294967293,42
4294967293,41
4294967293,40
4294967293,39
4294967293,38
4294967293,37
4294967293,36
4294967293,35
4294967293,34
4294967293,33
4294967293,32
4294967293,31
4294967293,30
4294967293,29
4294967293,28
4294967293,27
4294967293,26
4294967293,25
4294967293,24
4294967293,23
4294967293,22
4294967293,21
4294967293,20
4294967293,19
4294967293,18
4294967293,17
4294967293,16
4294967293,15
4294967293,14
4294967293,13
4294967293,12
4294967293,11
4294967293,10
4294967293,9
4294967293,8
4294967293,7
4294967293,6
4294967293,5
4294967293,4
4294967293,3
4294967293,2
4243767290,0
4243767289,0
4243767288,0
4243767287,0
4243767286,0
4243767285,0
4243767284,0
4243767283,0
4243767282,0
4243767281,0
4294967293,0
4294967279,202
4294967279,86
4294967279,87
4294967279,400
4294967279,89
4294967279,203
4294967279,376
4294967279,90
4294967279,366
4294967279,447
4294967279,206
4294967279,204
4294967279,205
4294967279,207
4294967279,91
4294967279,92
4294967279,405
4294967279,93
4294967279,94
4294967279,438
4294967279,370
4294967279,208
4294967279,297
4294967279,95
4294967279,209
4294967279,96
4294967279,210
4294967279,397
4294967279,97
4294967279,300
4294967279,307
4294967279,211
4294967279,212
4294967279,98
4294967279,99
4294967279,213
4294967279,214
4294967279,280
4294967279,100
4294967279,101
4294967279,343
4294967279,304
4294967279,102
4294967279,278
4294967279,216
4294967279,362
4294967279,134
4294967279,218
4294967279,103
4294967279,104
4294967279,220
4294967279,381
4294967279,222
4294967279,382
4294967279,105
4294967279,224
4294967279,106
4294967279,107
4294967279,393
4294967279,226
4294967279,230
4294967279,228
4294967279,108
4294967279,301
4294967279,109
4294967279,110
4294967279,281
4294967279,361
4294967279,232
4294967279,234
4294967279,236
4294967279,237
4294967279,111
4294967279,112
4294967279,113
4294967279,407
4294967279,261
4294967279,114
4294967279,302
4294967279,371
4294967279,240
4294967279,242
4294967279,244
4294967279,238
4294967279,115
4294967279,116
4294967279,117
4294967279,246
4294967279,253
4294967279,118
4294967279,119
4294967279,289
4294967279,377
4294967279,248
4294967279,249
4294967279,120
4294967279,378
4294967279,298
4294967279,250
4294967279,121
4294967279,372
4294967279,358
4294967279,254
4294967279,122
4294967279,355
4294967279,123
4294967279,290
4294967279,299
4294967279,124
4294967279,125
4294967279,326
4294967279,255
4294967279,126
4294967279,325
4294967279,283
4294967279,127
4294967279,128
4294967279,357
4294967278,297
4294967279,285
4294967279,329
4294967279,426
4294967279,129
4294967279,291
4294967279,268
4294967279,330
4294967278,552
4294967279,130
4294967279,131
4294967279,132
4294967278,285
4294967278,289
4294967278,311
4294967278,4
4294967278,257
4294967278,258
4294967278,5
4294967278,525
4294967278,303
4294967278,6
4294967278,561
4294967278,304
4294967278,259
4294967278,263
4294967278,7
4294967278,261
4294967278,9
4294967278,8
4294967278,10
4294967278,292
4294967278,524
4294967278,264
4294967278,11
4294967278,12
4294967278,265
4294967278,288
4294967278,281
4294967278,266
4294967278,13
4294967278,14
4294967278,233
4294967278,286
4294967278,538
4294967278,15
4294967278,221
4294967278,268
4294967278,532
4294967278,16
4294967278,382
4294967278,269
4294967278,270
4294967278,271
4294967278,17
4294967278,18
4294967278,523
4294967278,19
4294967278,225
4294967278,20
4294967278,314
4294967278,133
4294967278,315
4294967278,293
4294967278,134
4294967278,21
4294967278,135
4294967278,539
4294967278,22
4294967278,136
4294967278,23
4294967278,543
4294967278,24
4294967278,276
4294967278,138
4294967278,542
4294967278,25
4294967278,26
4294967278,282
4294967278,284
4294967278,526
4294967278,139
4294967278,140
4294967278,27
4294967278,296
4294967278,141
4294967278,28
4294967278,29
4294967278,143
4294967278,142
4294967278,541
4294967278,30
4294967278,310
4294967278,31
4294967278,533
4294967278,144
4294967278,145
4294967278,32
4294967278,33
4294967278,559
4294967278,147
4294967278,333
4294967278,146
4294967278,148
4294967278,34
4294967278,35
4294967278,36
4294967278,544
4294967278,229
4294967278,150
4294967278,149
4294967278,151
4294967278,37
4294967278,336
4294967278,38
4294967278,39
4294967278,152
4294967278,353
4294967278,40
4294967278,313
4294967278,153
4294967278,155
4294967278,154
4294967278,41
4294967278,545
4294967278,42
4294967278,43
4294967278,321
4294967278,156
4294967278,283
4294967278,157
4294967278,44
4294967278,158
4294967278,45
4294967278,562
4294967278,557
4294967278,361
4294967278,46
4294967278,159
4294967278,47
4294967278,554
4294967278,160
4294967278,327
4294967278,161
4294967278,48
4294967278,162
4294967278,49
4294967278,272
4294967278,50
4294967278,527
4294967278,164
4294967278,163
4294967278,51
4294967278,52
4294967278,165
4294967278,569
4294967278,166
4294967278,53
4294967278,167
4294967278,570
4294967278,54
4294967278,55
4294967278,273
4294967278,239
4294967278,168
4294967278,245
4294967278,56
4294967278,169
4294967278,170
4294967278,171
4294967278,57
4294967278,249
4294967278,368
4294967278,58
4294967278,172
4294967278,59
4294967278,60
4294967278,173
4294967278,328
4294967278,61
4294967278,294
4294967278,307
4294967278,175
4294967278,176
4294967278,322
4294967278,62
4294967279,337
4294967279,201
4294967279,223
4294967279,85
4294967279,84
4294967279,198
4294967279,83
4294967279,81
4294967279,197
4294967279,195
4294967279,345
4294967279,80
4294967279,194
4294967279,79
4294967279,193
4294967279,368
4294967279,77
4294967279,257
4294967279,360
4294967279,424
4294967279,76
4294967279,74
4294967279,73
4294967279,189
4294967279,187
4294967279,288
4294967279,229
4294967279,333
4294967279,71
4294967279,70
